0 29 47 127 135 74 231 169 211 168
29 0 68 69 118 95 140 172 225 236
47 68 0 73 120 65 157 145 181 144
127 69 73 0 36 127 73 132 118 161
135 118 120 36 0 124 39 62 83 126
74 95 65 127 124 0 189 93 169 150
231 140 157 73 39 189 0 110 48 102
169 172 145 132 62 93 110 0 76 65
211 225 181 118 83 169 48 76 0 83
168 236 144 161 126 150 102 65 83 0
