0 29 47 127 135 74 231 169 211 168 218 225 255 285
29 0 68 69 118 95 140 172 225 236 230 205 301 270
47 68 0 73 120 65 157 145 181 144 192 209 231 261
127 69 73 0 36 127 73 132 118 161 135 191 252 194
135 118 120 36 0 124 39 62 83 126 101 97 217 160
74 95 65 127 124 0 189 93 169 150 165 172 229 232
231 140 157 73 39 189 0 110 48 102 64 61 160 123
169 172 145 132 62 93 110 0 76 65 97 104 159 202
211 225 181 118 83 169 48 76 0 83 43 43 197 103
168 236 144 161 126 150 102 65 83 0 77 77 142 136
218 230 192 135 101 165 64 97 43 77 0 12 143 72
225 205 209 191 97 172 61 104 43 77 12 0 135 61
255 301 231 252 217 229 160 159 197 142 143 135 0 84
285 270 261 194 160 232 123 202 103 136 72 61 84 0