0 29 47 127 135 74 231
29 0 68 69 118 95 140
47 68 0 73 120 65 157
127 69 73 0 36 127 73
135 118 120 36 0 124 39
74 95 65 127 124 0 189
231 140 157 73 39 189 0